var StaticData = {
	ClassNames : {
		"DEATHKNIGHT" : "Death Knight",
		"DRUID" :       "Druid",
		"HUNTER" :      "Hunter",
		"HUNTERPET":    "Hunter Pet",
		"MAGE" :        "Mage",
		"PALADIN" :     "Paladin",
		"PRIEST" :      "Priest",
		"ROGUE" :       "Rogue",
		"SHAMAN" :      "Shaman",
		"WARLOCK" :     "Warlock",
		"WARRIOR" :     "Warrior"
	},

	TabColors : {
		"DEATHKNIGHT" : [[255, 0, 0],    [0, 0, 255], [0, 255, 0]],
		"DRUID" :       [[255, 184, 26], [255, 0, 0],    [0, 255, 153]],
		"HUNTER" :      [[77, 0, 255],   [204, 51, 204], [0, 255, 153]],
		"HUNTERPET" :      [[150, 0, 103],   [68, 143, 242], [116, 36, 143]],
		"MAGE" :        [[255, 184, 26], [255, 0, 0],    [77, 128, 255]],
		"PALADIN" :     [[255, 184, 26], [255, 0, 0],    [77, 128, 255]],
		"PRIEST" :      [[77, 128, 255], [255, 184, 26], [255, 0, 0]],
		"ROGUE" :       [[255, 184, 26], [255, 0, 0],    [77, 128, 255]],
		"SHAMAN" :      [[0, 0, 255], [50, 50, 255],    [0, 255, 0]],
		"WARLOCK" :     [[0, 200, 0], [200, 0, 0],    [255, 184, 26]],
		"WARRIOR" :     [[255, 184, 26], [255, 0, 0],    [77, 128, 255]]
	},
	
	PointsToLevel : {0: 1, 1: 10, 2: 11, 3: 13, 4: 15, 5: 17, 6: 19, 7: 21, 8: 23, 9: 25, 10: 27, 11: 29, 12: 31, 13: 33, 14: 35, 15: 37, 16: 39, 17: 41, 18: 43, 19: 45, 20: 47, 21: 49, 22: 51, 23: 53, 24: 55, 25: 57, 26: 59, 27: 61, 28: 63, 29: 65, 30: 67, 31: 69, 32: 71, 33: 73, 34: 75, 35: 77, 36: 79, 37: 81, 38: 82, 39: 83, 40: 84, 41: 85, 42: 86, 43: 87, 44: 88, 45: 89, 46: 90, 47: 91, 48: 92, 49: 93, 50: 94, 51: 95, 52: 96, 53: 97, 54: 98, 55: 99, 56: 100}, 
};
